City_ID,City,Lat,Lng,Max Temp,Humidity,Cloudiness,Wind Speed,Country,Date
0,heihe,50.2441,127.4902,18.32,85,98,4.16,CN,1723161351
1,punta arenas,-53.15,-70.9167,6.06,87,75,2.06,CL,1723161353
2,abrud,46.2667,23.0667,16.22,73,22,1.69,RO,1723161354
3,adamstown,-25.066,-130.1015,22.01,80,49,11.16,PN,1723161355
4,ushuaia,-54.8,-68.3,5.81,75,75,6.69,AR,1723161356
5,boone,39.0334,-92.3335,26.4,74,100,2.62,US,1723161358
6,marsa alam,25.0757,34.8918,32.06,47,10,2.31,EG,1723161359
7,waitangi,-43.9535,-176.5597,12.12,82,96,4.02,NZ,1723161361
8,lompoc,34.6391,-120.4579,22.69,73,0,8.23,US,1723161363
9,thompson,55.7435,-97.8558,20.09,42,75,4.12,CA,1723161364
10,muisne,0.6,-80.0333,24.09,87,99,4.15,EC,1723161368
11,bethel,41.3712,-73.414,19.64,89,100,3.04,US,1723161369
12,manismata,-2.4667,111.0333,24.07,97,100,1.71,ID,1723161370
13,utrik,11.2278,169.8474,28.22,80,92,8.06,MH,1723161372
14,villa del totoral,-30.8167,-63.7167,6.8,38,1,2.45,AR,1723161373
15,saint-philippe,-21.3585,55.7679,19.77,78,84,4.61,RE,1723161374
16,howrah,22.5892,88.3103,28.0,89,75,2.06,IN,1723161375
17,hanak,41.2336,42.8472,10.69,93,0,0.97,TR,1723161377
18,iqaluit,63.7506,-68.5145,10.85,87,100,4.12,CA,1723161378
19,port-aux-francais,-49.35,70.2167,2.27,69,92,7.52,TF,1723161379
20,puerto ayora,-0.7393,-90.3518,20.31,90,89,2.24,EC,1723161380
21,minab,27.1467,57.0801,30.46,75,92,1.83,IR,1723161382
22,petropavlovsk-kamchatsky,53.0452,158.6483,14.33,100,100,5.0,RU,1723161383
23,kuala tungkal,-0.8167,103.4667,24.67,91,87,3.21,ID,1723161384
24,sisimiut,66.9395,-53.6735,4.82,91,91,1.63,GL,1723161386
25,bilibino,68.0546,166.4372,13.19,44,29,1.05,RU,1723161387
26,alofi,-19.0595,-169.9187,24.94,47,75,8.23,NU,1723161388
27,vorgashor,67.5833,63.95,6.08,83,1,1.5,RU,1723161389
28,kone,-21.0595,164.8658,26.81,43,3,1.27,NC,1723161391
29,anloga,5.7947,0.8973,23.71,87,77,5.72,GH,1723161392
30,papatowai,-46.5619,169.4708,9.93,67,28,2.39,NZ,1723161393
31,fale old settlement,-9.3852,-171.2468,28.26,74,99,7.69,TK,1723161394
32,tiksi,71.6872,128.8694,5.56,89,100,6.06,RU,1723161397
33,grytviken,-54.2811,-36.5092,-15.16,75,17,6.61,GS,1723161398
34,edinburgh of the seven seas,-37.0676,-12.3116,14.7,92,100,17.39,SH,1723161399
35,esqueda,30.7167,-109.5833,28.71,48,77,3.78,MX,1723161401
36,port elizabeth,-33.918,25.5701,11.16,87,0,3.09,ZA,1723161402
37,chos malal,-37.3781,-70.2709,4.31,43,32,2.97,AR,1723161403
38,cabo san lucas,22.8909,-109.9124,36.45,70,79,6.96,MX,1723161404
39,blackmans bay,-43.0167,147.3167,12.63,64,76,0.45,AU,1723161406
40,ponta delgada,37.7333,-25.6667,22.4,78,20,3.6,PT,1723161407
41,praya,14.9215,-23.5087,27.3,74,75,5.14,CV,1723161408
42,hamilton,39.1834,-84.5333,28.69,69,100,5.14,US,1723161410
43,ketchikan,55.3422,-131.6461,23.52,46,0,4.63,US,1723161155
44,ilulissat,69.2167,-51.1,3.3,89,91,0.87,GL,1723161412
45,marsh harbour,26.5412,-77.0636,29.44,72,76,5.55,BS,1723161413
46,stanley,54.868,-1.6985,17.38,90,40,3.09,GB,1723161414
47,nyurba,63.2842,118.3319,20.48,45,3,0.89,RU,1723161416
48,daru,-9.0763,143.2092,25.53,85,77,7.61,PG,1723161417
49,vernon,50.2581,-119.2691,33.74,25,1,0.51,CA,1723161276
50,tazacorte,28.629,-17.9293,23.42,74,40,7.2,ES,1723161419
51,shendi,16.6915,33.4341,28.04,70,100,5.91,SD,1723161421
52,coquimbo,-29.9533,-71.3436,12.85,60,0,1.54,CL,1723161422
53,livingstone,-17.8419,25.8543,18.02,30,0,1.32,ZM,1723161423
54,usogorsk,63.4106,48.6872,10.51,77,6,1.22,RU,1723161425
55,georgetown,5.4112,100.3354,27.96,78,20,2.06,MY,1723161427
56,inirida,3.8653,-67.9239,24.52,94,68,0.06,CO,1723161428
57,anadyr,64.75,177.4833,9.28,66,75,2.0,RU,1723161430
58,tanout,14.9709,8.8879,27.73,62,92,6.7,NE,1723161431
59,yinzhu,35.8786,119.9753,27.93,85,45,1.83,CN,1723161432
60,yeniseysk,58.4497,92.1703,16.1,96,84,0.23,RU,1723161433
61,bhisho,-32.8472,27.4422,13.71,39,1,3.16,ZA,1723161435
62,hilo,19.7297,-155.09,28.94,73,20,3.6,US,1723161436
63,port mathurin,-19.6833,63.4167,22.48,73,23,9.04,MU,1723161437
64,katsuren-haebaru,26.3369,127.8719,31.01,84,20,2.06,JP,1723161438
65,salinas de hidalgo,22.6333,-101.7167,27.81,22,33,5.79,MX,1723161440
66,avarua,-21.2078,-159.775,23.03,56,75,4.12,CK,1723161442
67,amga,60.8953,131.9608,19.42,54,16,0.68,RU,1723161443
68,hawaiian paradise park,19.5933,-154.9731,28.82,70,20,3.6,US,1723161445
69,brisas de zicatela,15.8369,-97.0419,28.89,81,100,2.17,MX,1723161446
70,nova sintra,14.8667,-24.7167,25.8,78,11,1.71,CV,1723161447
71,albany,42.6001,-73.9662,18.71,83,100,0.89,US,1723161370
72,puerto san jose,13.9256,-90.8244,26.03,89,100,5.14,GT,1723161449
73,cidreira,-30.1811,-50.2056,11.2,91,100,1.63,BR,1723161451
74,lautoka,-17.6167,177.4667,26.92,57,75,2.57,FJ,1723161453
75,little river,33.8732,-78.6142,26.68,95,100,9.26,US,1723161455
76,sitka,57.0531,-135.33,17.94,82,20,2.06,US,1723161456
77,kayangel,8.0823,134.7173,28.26,74,100,3.01,PW,1723161457
78,mount gambier,-37.8333,140.7667,9.75,94,67,2.6,AU,1723161458
79,longyearbyen,78.2186,15.6401,10.91,93,0,0.51,SJ,1723161460
80,mgandu,-5.95,34.1333,15.32,56,8,3.45,TZ,1723161461
81,kapuskasing,49.4169,-82.4331,16.05,100,100,4.12,CA,1723161462
82,san patricio,28.017,-97.5169,33.42,50,0,5.52,US,1723161464
83,freetown,8.484,-13.2299,25.84,83,40,5.66,SL,1723161466
84,tralee,52.2704,-9.7026,13.21,95,93,3.83,IE,1723161467
85,sovetskaya gavan',48.9723,140.2878,15.16,95,100,1.98,RU,1723161468
86,talnakh,69.4865,88.3972,10.5,66,9,1.26,RU,1723161470
87,saynshand,44.8824,110.1163,21.85,62,100,3.42,MN,1723161471
88,faaborg,55.0951,10.2423,17.0,73,100,5.6,DK,1723161472
89,kodiak,57.79,-152.4072,13.73,67,100,4.63,US,1723161474
90,puerto real,36.5282,-6.1901,23.12,94,20,1.03,ES,1723161475
91,lihue,21.9789,-159.3672,28.77,66,20,5.14,US,1723161476
92,homosassa springs,28.8036,-82.5759,31.23,83,75,1.34,US,1723161477
93,margaret river,-33.95,115.0667,15.88,76,67,4.91,AU,1723161260
94,el calafate,-50.3408,-72.2768,3.31,84,23,3.57,AR,1723161480
95,zeya,53.75,127.2667,19.3,74,70,1.87,RU,1723161481
96,konarka,19.9,86.1167,27.31,86,100,2.42,IN,1723161482
97,nouadhibou,20.931,-17.0347,21.99,83,20,7.2,MR,1723161484
98,beaudesert,-27.9833,152.9833,20.97,46,5,1.86,AU,1723161485
99,invercargill,-46.4,168.35,6.68,95,45,1.79,NZ,1723161486
100,olonkinbyen,70.9221,-8.7187,5.04,98,100,4.23,SJ,1723161487
101,muravlenko,63.7898,74.523,10.42,71,100,4.49,RU,1723161489
102,arraial do cabo,-22.9661,-42.0278,21.98,94,0,0.0,BR,1723161490
103,tura,25.5198,90.2201,23.64,98,100,2.77,IN,1723161491
104,jamestown,42.097,-79.2353,23.8,88,100,3.6,US,1723161492
105,puerto deseado,-47.7503,-65.8938,7.14,59,100,5.46,AR,1723161494
106,slonim,53.0867,25.3219,18.0,75,100,2.02,BY,1723161496
107,novyy urgal,51.0736,132.5642,17.84,95,97,2.01,RU,1723161497
108,dudinka,69.4058,86.1778,8.24,70,13,7.35,RU,1723161499
109,baker city,44.7749,-117.8344,30.89,18,0,2.06,US,1723161466
110,springbok,-29.6643,17.8865,8.22,86,99,10.78,ZA,1723161501
111,mahibadhoo,3.7833,72.9667,27.76,76,100,2.44,MV,1723161502
112,luderitz,-26.6481,15.1594,13.22,71,0,3.36,NA,1723161504
113,bredasdorp,-34.5322,20.0403,12.39,83,83,12.65,ZA,1723161505
114,iskateley,67.6803,53.1512,6.06,84,31,1.82,RU,1723161506
115,porto novo,6.4965,2.6036,24.9,85,23,2.82,BJ,1723161509
116,bismarck,46.8083,-100.7837,18.91,47,75,6.69,US,1723161510
117,college,64.8569,-147.8028,20.61,77,100,3.6,US,1723161511
118,puerto aysen,-45.4,-72.7,4.7,100,100,2.04,CL,1723161513
119,agat village,13.3886,144.6585,30.2,81,40,2.06,GU,1723161514
120,paciran,-6.8767,112.3761,25.83,76,42,1.73,ID,1723161515
121,juan de ayolas,-27.4,-56.9,8.7,78,0,2.81,PY,1723161516
122,yellowknife,62.456,-114.3525,24.12,48,20,7.72,CA,1723161518
123,whitehorse,60.7161,-135.0538,29.45,28,20,7.72,CA,1723161519
124,bairnsdale,-37.8333,147.6167,15.03,67,97,0.45,AU,1723161520
125,hermanus,-34.4187,19.2345,13.78,83,98,14.8,ZA,1723161521
126,prymors'k,46.7348,36.3443,22.88,44,2,2.21,UA,1723161523
127,antofagasta,-23.65,-70.4,13.6,84,31,1.46,CL,1723161524
128,taoudenni,22.6783,-3.9836,40.1,9,38,4.46,ML,1723161525
129,acajutla,13.5928,-89.8275,27.06,84,94,2.3,SV,1723161526
130,cabedelo,-6.9811,-34.8339,23.37,83,48,6.56,BR,1723161528
131,puerto natales,-51.7236,-72.4875,6.48,85,92,6.08,CL,1723161529
132,las vegas,36.175,-115.1372,41.88,27,0,5.14,US,1723161363
133,ramnagar,29.4,79.1167,24.04,87,99,1.22,IN,1723161531
134,praia da vitoria,38.7333,-27.0667,24.14,83,0,1.1,PT,1723161533
135,nalut,30.3333,10.85,27.68,45,0,6.78,LY,1723161534
136,touros,-5.1989,-35.4608,23.93,85,1,5.92,BR,1723161535
137,okha,53.5739,142.9478,13.82,86,74,3.07,RU,1723161536
138,kiunga,-6.1219,141.2906,24.04,92,99,1.47,PG,1723161538
139,zhangye,38.9342,100.4517,18.67,59,96,1.99,CN,1723161539
140,fort st. john,56.2499,-120.8529,24.94,44,40,3.09,CA,1723161540
141,kailua-kona,19.6406,-155.9956,29.04,80,40,4.12,US,1723161541
142,uturoa,-16.7333,-151.4333,25.81,78,6,3.44,PF,1723161543
143,fauske,67.2588,15.3918,15.43,96,100,2.5,NO,1723161544
144,ashland,40.8167,-82.2665,25.67,92,99,2.71,US,1723161545
145,carutapera,-1.195,-46.02,26.41,80,25,4.03,BR,1723161547
146,sabang,5.8933,95.3214,25.53,87,100,1.37,ID,1723161548
147,nishinoomote,30.7333,131.0,30.31,84,20,3.6,JP,1723161549
148,east london,-33.0153,27.9116,16.16,81,0,2.08,ZA,1723161550
149,ust-nera,64.5667,143.2,15.83,67,88,2.45,RU,1723161552
150,inhapim,-19.5492,-42.12,18.33,66,19,1.34,BR,1723161553
151,ugoofaaru,5.6667,73.0,28.21,75,100,4.97,MV,1723161554
152,new norfolk,-42.7826,147.0587,13.29,77,84,1.7,AU,1723161555
153,constantia,44.1833,28.65,19.38,74,0,2.74,RO,1723161523
154,impfondo,1.6381,18.0667,23.55,69,55,0.61,CG,1723161558
155,newberry,34.2746,-81.6187,25.48,88,100,2.17,US,1723161559
156,keetmanshoop,-26.5833,18.1333,9.28,34,0,4.51,NA,1723161560
157,fiche,9.8,38.7333,11.06,88,68,0.89,ET,1723161562
158,tolanaro,-25.0319,46.9987,20.04,88,20,11.83,MG,1723161563
159,howard springs,-12.497,131.047,25.49,39,13,4.16,AU,1723161564
160,dakhla,23.6848,-15.958,19.92,90,35,10.03,EH,1723161565
161,remire-montjoly,4.9167,-52.2667,27.02,89,75,2.57,GF,1723161567
162,tazovsky,67.4667,78.7,5.69,85,28,5.35,RU,1723161568
163,compostela,7.6731,126.0889,27.23,86,100,0.68,PH,1723161569
164,villa zaragoza,22.0333,-100.7333,24.25,49,44,8.5,MX,1723161570
165,khovd,48.0056,91.6419,19.09,43,6,3.01,MN,1723161572
166,afif,23.9065,42.9172,28.49,11,23,4.46,SA,1723161573
167,puerto baquerizo moreno,-0.9,-89.6,19.67,78,70,5.74,EC,1723161574
168,george town,5.4112,100.3354,27.96,78,20,2.06,MY,1723161576
169,ondangwa,-17.9167,15.95,17.37,26,2,4.5,NA,1723161577
170,cuyo,10.8525,121.0086,28.74,76,71,4.15,PH,1723161578
171,uozu,36.8,137.4,29.78,74,73,1.29,JP,1723161579
172,alotau,-10.3069,150.4462,25.84,82,100,2.12,PG,1723161581
173,mutuali,-14.8706,37.0044,17.38,61,0,1.45,MZ,1723161582
174,san julian,21.0167,-102.1667,22.6,58,70,1.7,MX,1723161583
175,namibe,-15.1961,12.1522,16.43,84,3,2.27,AO,1723161584
176,necochea,-38.5473,-58.7368,6.08,78,8,4.87,AR,1723161586
177,roghun,38.7826,69.8708,21.37,31,0,1.33,TJ,1723161587
178,gadzhiyevo,69.2551,33.3362,12.04,61,22,4.97,RU,1723161588
179,angaur state,6.906,134.13,28.29,72,100,2.36,PW,1723161589
180,karlskrona,56.1616,15.5866,12.25,83,54,2.8,SE,1723161591
181,aleksandrovsk-sakhalinskiy,50.8975,142.1561,13.37,96,100,4.84,RU,1723161592
182,broome,42.2506,-75.833,20.5,87,100,2.24,US,1723161593
183,macapa,0.0389,-51.0664,27.99,78,0,2.57,BR,1723161595
184,forster,-32.1667,152.5167,16.88,73,100,2.16,AU,1723161596
185,west island,-12.1568,96.8225,25.99,89,40,8.23,CC,1723161597
186,kreminna,49.0495,38.2179,16.76,71,6,2.48,UA,1723161598
187,enewetak,11.3474,162.3373,29.17,75,27,6.42,MH,1723161600
188,maceio,-9.6658,-35.7353,22.69,94,75,1.54,BR,1723161601
189,papao,-17.75,-149.55,27.82,87,14,4.63,PF,1723161602
190,labuan,5.2767,115.2417,25.2,94,20,0.0,MY,1723161604
191,belmonte,-15.8631,-38.8828,21.62,75,1,2.72,BR,1723161606
192,chonchi,-42.6128,-73.8092,7.29,94,100,0.62,CL,1723161607
193,udachny,66.4167,112.4,10.29,84,100,4.64,RU,1723161610
194,ribeira brava,32.65,-17.0667,23.35,76,22,2.69,PT,1723161611
195,saipan,15.1355,145.701,30.39,74,40,2.57,MP,1723161612
196,flying fish cove,-10.4217,105.6791,24.82,88,75,6.69,CX,1723161614
197,selfoss,63.9331,-20.9971,10.58,87,85,2.18,IS,1723161615
198,isafjordur,66.0755,-23.124,5.68,93,98,3.07,IS,1723161616
199,lazaro cardenas,17.9583,-102.2,30.08,76,53,3.04,MX,1723161618
200,ribeira grande,38.5167,-28.7,22.1,81,0,2.24,PT,1723161619
201,nemuro,43.3236,145.575,19.42,97,100,3.82,JP,1723161620
202,chibougamau,49.9168,-74.3659,19.79,60,100,3.6,CA,1723161621
203,mhamid,29.82,-5.72,35.77,12,34,3.42,MA,1723161623
204,ponoka,52.6768,-113.5815,22.16,36,78,3.05,CA,1723161624
205,manokwari,-0.8667,134.0833,27.79,70,62,0.83,ID,1723161625
206,ishigaki,24.3448,124.1572,29.07,100,40,1.54,JP,1723161626
207,callao,-12.0667,-77.15,16.51,77,100,3.6,PE,1723161628
208,kalmunai,7.4167,81.8167,26.08,84,100,1.27,LK,1723161629
209,argo,37.6333,22.7333,25.99,57,0,1.63,GR,1723161630
210,vadso,70.0744,29.7487,14.49,71,5,2.06,NO,1723161632
211,yeppoon,-23.1333,150.7333,22.36,75,22,5.93,AU,1723161633
212,bandar seri begawan,4.9403,114.9481,25.99,89,75,0.51,BN,1723161634
213,greymouth,-42.4667,171.2,11.69,65,52,3.36,NZ,1723161635
214,general conesa,-40.1,-64.4333,6.78,49,0,4.87,AR,1723161637
215,karasburg,-28.0167,18.75,6.89,80,0,5.61,NA,1723161638
216,lorengau,-2.0226,147.2712,29.6,68,11,4.4,PG,1723161639
217,codrington,-38.2667,141.9667,10.96,83,34,4.94,AU,1723161641
218,kiama,-34.6833,150.8667,16.32,81,100,1.36,AU,1723161642
219,dalnegorsk,44.5604,135.5701,27.65,56,3,0.95,RU,1723161643
220,aykhal,66.0,111.5,9.67,89,100,4.97,RU,1723161644
221,boyalik,41.2634,28.6314,24.51,77,8,4.23,TR,1723161646
222,vrangel',42.7297,133.0839,24.38,77,4,2.68,RU,1723161647
223,sao jose da coroa grande,-8.8978,-35.1478,24.72,71,46,4.06,BR,1723161648
224,cauquenes,-35.9671,-72.3225,5.16,79,20,1.39,CL,1723161649
225,jeddah,21.5169,39.2192,32.92,62,40,2.57,SA,1723161359
226,atafu village,-8.5421,-172.5159,28.64,76,91,8.56,TK,1723161653
227,urucara,-2.5364,-57.76,28.59,40,32,0.64,BR,1723161654
228,linjiang,41.8069,126.9078,22.64,84,90,0.58,CN,1723161656
229,sicuani,-14.2694,-71.2261,10.68,48,21,3.08,PE,1723161657
230,kassala,15.451,36.4,24.75,80,75,5.79,SD,1723161658
231,serdar,38.9764,56.2757,27.28,61,93,6.95,TM,1723161659
232,vila franca do campo,37.7167,-25.4333,22.23,80,0,1.84,PT,1723161661
233,red deer,52.2668,-113.802,21.83,46,20,4.12,CA,1723161662
234,robore,-18.3333,-59.75,13.49,76,100,1.69,BO,1723161663
235,brookings,44.3114,-96.7984,17.19,68,100,7.72,US,1723161665
236,nova vicosa,-17.8919,-39.3719,21.75,76,0,3.83,BR,1723161666
237,kristiansund,63.1115,7.732,14.36,93,75,2.06,NO,1723161667
238,fort bragg,35.139,-79.006,25.75,90,100,5.66,US,1723161668
239,bulqize,41.4917,20.2219,17.18,66,2,0.33,AL,1723161670
240,labrador city,52.9463,-66.9114,14.95,58,40,2.57,CA,1723161671
241,lincoln city,44.9582,-124.0179,21.83,85,41,4.47,US,1723161672
242,rio de janeiro,-22.9028,-43.2075,25.98,64,0,5.14,BR,1723161673
243,inhambane,-23.865,35.3833,20.11,90,0,4.72,MZ,1723161675
244,qarah bagh,34.9402,61.7759,23.86,35,0,5.24,AF,1723161676
245,tromso,69.6496,18.957,17.01,67,20,1.54,NO,1723161677
246,khandyga,62.6667,135.6,18.67,60,34,0.72,RU,1723161679
247,yaren,-0.5472,166.916,28.33,69,100,3.06,NR,1723161680
248,palikir - national government center,6.9248,158.1611,30.47,70,75,4.12,FM,1723161682
249,rio grande,-32.035,-52.0986,12.06,78,13,6.37,BR,1723161684
250,kourou,5.1552,-52.6478,27.03,86,14,3.67,GF,1723161685
251,aripuana,-9.1667,-60.6333,26.63,38,10,0.67,BR,1723161686
252,gizo,-8.103,156.8419,27.52,78,38,5.1,SB,1723161687
253,yatou,37.15,122.3833,28.12,79,20,1.88,CN,1723161689
254,mar del plata,-38.0023,-57.5575,8.94,82,0,7.6,AR,1723161690
255,keflavik,64.0049,-22.5624,10.95,93,100,3.09,IS,1723161682
256,bamboo flat,11.7,92.7167,26.05,94,40,1.03,IN,1723161692
257,el granada,37.5027,-122.4694,26.38,69,20,10.29,US,1723161694
258,portland,45.5234,-122.6762,36.45,36,20,4.63,US,1723161354
259,warmbad,-28.45,18.7333,9.5,78,0,6.96,NA,1723161696
260,songea,-10.6833,35.65,12.77,67,67,0.14,TZ,1723161697
261,kirakira,-10.4544,161.9205,27.28,82,94,5.97,SB,1723161699
262,la passe,45.5549,-0.8967,18.88,82,4,3.47,FR,1723161700
263,rusk,31.796,-95.1502,35.66,51,40,1.54,US,1723161563
264,katsuura,35.1333,140.3,28.52,79,7,5.28,JP,1723161702
265,bor,56.3567,44.0669,15.96,96,92,1.95,RU,1723161704
266,rayachoti,14.05,78.75,24.35,86,86,3.33,IN,1723161705
267,port saint john's,-31.6229,29.5448,18.09,72,0,3.47,ZA,1723161706
268,talara,-4.5772,-81.2719,20.42,77,0,6.69,PE,1723161707
269,nar'yan-mar,67.6713,53.087,6.06,85,27,1.86,RU,1723161709
270,wailua homesteads,22.0669,-159.378,27.85,72,43,2.24,US,1723161710
271,east ballina,-28.8667,153.5833,16.56,69,92,3.96,AU,1723161711
272,san lawrenz,36.0553,14.204,25.67,77,0,3.71,MT,1723161713
273,kwale,5.7063,6.4374,23.09,92,91,1.29,NG,1723161714
274,carnarvon,-24.8667,113.6333,17.21,50,0,5.44,AU,1723161715
275,tsiombe,-25.3,45.4833,18.97,76,0,2.04,MG,1723161716
276,guerrero negro,27.9769,-114.0611,25.16,56,0,7.29,MX,1723161718
277,auki,-8.7676,160.7034,24.73,97,100,3.05,SB,1723161719
278,pierre,44.3683,-100.351,21.03,46,97,4.02,US,1723161720
279,itaituba,-4.2761,-55.9836,27.41,38,0,0.64,BR,1723161721
280,essaouira,31.5125,-9.77,22.72,78,0,4.63,MA,1723161723
281,laojunmiao,39.8333,97.7333,15.57,56,30,10.5,CN,1723161724
282,salekhard,66.53,66.6019,6.83,90,40,3.5,RU,1723161725
283,torghay,49.6339,63.4981,19.99,72,63,9.83,KZ,1723161727
284,monrovia,6.3005,-10.7969,24.23,82,100,4.46,LR,1723161728
285,rio hato,8.3833,-80.1667,27.48,82,96,2.47,PA,1723161729
286,male,4.1748,73.5089,27.97,83,75,2.57,MV,1723161730
287,oyon,-10.6681,-76.7731,2.99,68,65,0.46,PE,1723161732
288,polyarnyy,69.1989,33.4478,11.89,62,18,5.16,RU,1723161733
289,castillos,-34.1667,-53.8333,7.2,73,65,3.86,UY,1723161734
290,port alfred,-33.5906,26.891,12.88,94,13,4.59,ZA,1723161735
291,fuerte olimpo,-21.0415,-57.8738,15.54,69,100,1.57,PY,1723161738
292,havana,23.133,-82.383,30.29,74,9,2.01,CU,1723161739
293,hami,42.8,93.45,20.95,65,82,2.26,CN,1723161741
294,bangkalan,-7.0455,112.7351,24.97,78,2,0.93,ID,1723161742
295,decorah,43.3033,-91.7857,20.51,52,0,4.12,US,1723161743
296,adrar,20.5022,-10.0711,37.25,8,24,4.77,MR,1723161744
297,vilyuysk,63.7553,121.6247,19.66,50,11,2.03,RU,1723161746
298,qaqortoq,60.7167,-46.0333,6.19,95,100,1.32,GL,1723161747
299,griffith,41.5284,-87.4237,26.81,65,40,2.06,US,1723161749
300,primero de mayo,-32.2552,-58.4228,7.53,93,100,7.32,AR,1723161752
301,port douglas,-16.4833,145.4667,22.02,79,40,5.18,AU,1723161753
302,ulsteinvik,62.3432,5.8487,15.07,83,45,2.24,NO,1723161754
303,mumford,5.2618,-0.759,22.83,91,99,4.41,GH,1723161756
304,kenai,60.5544,-151.2583,15.05,93,100,3.6,US,1723161757
305,ancud,-41.8697,-73.8203,7.69,83,100,2.29,CL,1723161758
306,verkhnevilyuysk,63.4453,120.3167,19.97,50,4,1.56,RU,1723161759
307,pestovo,58.5938,35.8024,11.85,97,34,1.72,RU,1723161761
308,kaoma,-14.7833,24.8,14.34,34,5,2.23,ZM,1723161762
309,abatskoye,56.2875,70.4555,6.96,94,7,3.55,RU,1723161763
310,puerto gaitan,4.3133,-72.0816,26.69,76,41,1.23,CO,1723161765
311,la sarre,48.8002,-79.1996,19.46,62,89,3.56,CA,1723161766
312,nizhneangarsk,55.7833,109.55,13.97,75,18,1.05,RU,1723161767
313,solone,48.2081,34.8721,21.02,46,65,2.66,UA,1723161768
314,lamar,33.6668,-95.5836,35.99,47,0,2.57,US,1723161770
315,emerald,-23.5333,148.1667,19.63,60,99,3.35,AU,1723161771
316,black river,18.0264,-77.8487,28.69,75,100,4.19,JM,1723161772
317,dalandzadgad,43.5708,104.425,16.29,86,100,5.29,MN,1723161773
318,al jawf,29.5,38.75,27.09,19,3,3.85,SA,1723161775
319,mossel bay,-34.1831,22.146,16.96,59,42,9.0,ZA,1723161776
320,nzerekore,7.7562,-8.8179,20.5,98,100,1.59,GN,1723161777
321,hadibu,12.65,54.0333,24.99,81,25,7.85,YE,1723161778
322,sirte,31.2089,16.5887,27.38,72,0,4.09,LY,1723161780
323,uren',57.4552,45.7852,15.09,97,67,1.97,RU,1723161781
324,puerto leguizamo,-0.1934,-74.7819,25.49,73,25,0.42,CO,1723161782
325,sidi salim,31.271,30.7867,24.47,73,0,2.36,EG,1723161784
326,lebu,-37.6167,-73.65,7.16,84,12,4.09,CL,1723161785
327,fontanelas,38.8472,-9.4372,19.34,80,21,6.97,PT,1723161786
328,kyabe,9.4515,18.9449,21.76,96,100,0.9,TD,1723161788
329,timbuktu,16.7735,-3.0074,30.29,59,95,5.64,ML,1723161789
330,brokopondo,4.75,-55.1667,26.0,87,31,5.55,SR,1723161790
331,nesebar,42.7833,27.7333,19.49,91,0,1.2,BG,1723161791
332,alo,6.5486,4.2686,23.63,87,59,2.21,NG,1723161793
333,zaozersk,69.4005,32.4476,12.12,57,8,3.63,RU,1723161795
334,usinsk,65.9939,57.5281,8.81,79,3,3.71,RU,1723161796
335,jilib,0.4883,42.7854,21.06,87,18,2.01,SO,1723161798
336,al bawiti,28.3492,28.8659,28.13,42,0,3.9,EG,1723161799
337,bandar-e genaveh,29.5791,50.517,31.56,80,30,6.14,IR,1723161800
338,kavaratti,10.5669,72.642,26.51,84,91,4.12,IN,1723161801
339,takoradi,4.8845,-1.7554,22.68,91,93,3.9,GH,1723161803
340,bayanhongor,46.7167,100.1167,9.47,82,100,0.71,MN,1723161804
341,stonehaven,56.9637,-2.2118,14.29,99,99,2.75,GB,1723161805
342,zilair,52.2332,57.4392,13.78,86,92,3.94,RU,1723161807
343,uray,60.1247,64.7758,7.68,83,0,1.6,RU,1723161509
344,happy valley-goose bay,53.3168,-60.3315,17.17,59,40,1.54,CA,1723161809
345,igarka,67.4667,86.5833,10.45,71,99,5.02,RU,1723161810
346,biankouma,7.7391,-7.6138,20.96,99,100,0.79,CI,1723161811
347,campillos,37.0483,-4.8631,23.76,59,0,0.6,ES,1723161813
348,qamdo,31.1667,97.2333,8.72,87,100,1.84,CN,1723161814
349,waddan,29.1614,16.139,28.81,41,0,4.7,LY,1723161815
350,sandnessjoen,66.0217,12.6316,14.29,87,100,5.2,NO,1723161817
351,dongsheng,39.8161,109.9776,18.39,87,97,15.76,CN,1723161818
352,ingeniero guillermo n. juarez,-23.9,-61.85,12.3,42,1,2.74,AR,1723161819
353,port lavaca,28.615,-96.6261,34.06,78,1,4.56,US,1723161820
354,ulanhot,46.0833,122.0833,23.59,51,87,0.53,CN,1723161822
355,kismayo,-0.3582,42.5454,24.2,77,38,5.82,SO,1723161823
356,ola,59.5833,151.2833,15.09,77,87,0.91,RU,1723161824
357,pangody,65.85,74.4859,10.14,68,100,5.3,RU,1723161825
358,vorkuta,67.5,64.0,6.31,82,1,1.1,RU,1723161827
359,bandarbeyla,9.4942,50.8122,25.07,74,88,12.55,SO,1723161828
360,gaspe,48.8334,-64.4819,17.12,63,75,3.6,CA,1723161830
361,storm lake,42.6411,-95.2097,20.12,52,0,5.66,US,1723161832
362,crane,31.3974,-102.3501,38.94,15,0,5.9,US,1723161833
363,inari,68.906,27.0288,10.54,66,4,2.15,FI,1723161834
364,nuuk,64.1835,-51.7216,4.34,93,100,2.06,GL,1723161835
365,jacmel,18.2342,-72.5347,27.08,85,63,0.4,HT,1723161837
366,yokadouma,3.5167,15.05,23.14,75,95,1.09,CM,1723161838
367,ambodifotatra,-16.9833,49.85,23.13,70,2,3.43,MG,1723161839
368,marquelia,16.5833,-98.8167,29.33,80,46,3.79,MX,1723161841
369,yashan,22.1975,109.9419,28.02,85,38,1.75,CN,1723161842
370,tomatlan,19.9333,-105.25,30.94,71,99,6.29,MX,1723161843
371,jose pedro varela,-33.45,-54.5333,6.49,81,100,4.97,UY,1723161844
372,poli,-3.3333,36.8,12.21,93,75,0.93,TZ,1723161846
373,hajipur,25.6833,85.2167,28.99,100,75,2.57,IN,1723161847
374,port lincoln,-34.7333,135.8667,12.89,74,100,3.29,AU,1723161848
375,mount pearl,47.5166,-52.7813,17.14,75,59,0.89,CA,1723161849
376,hithadhoo,-0.6,73.0833,27.44,76,100,4.48,MV,1723161851
377,simsbury center,41.8809,-72.8112,19.92,97,100,1.05,US,1723161852
378,ippy,6.2679,21.2247,20.17,97,96,1.1,CF,1723161853
379,vallenar,-28.5708,-70.7581,14.77,41,0,0.95,CL,1723161854
380,jinchang,38.4953,102.1739,19.51,54,55,6.54,CN,1723161856
381,geraldton,-28.7667,114.6,10.23,93,0,4.63,AU,1723161857
382,antonio enes,-16.2325,39.9086,21.51,87,1,1.0,MZ,1723161858
383,yakeshi,49.2833,120.7333,20.42,58,44,1.25,CN,1723161859
384,teluk nibung,3.001,99.8164,24.19,95,100,2.93,ID,1723161861
385,bambanglipuro,-7.95,110.2833,25.0,84,10,5.42,ID,1723161862
386,santa cruz,-17.8,-63.1667,14.03,82,75,4.63,BO,1723161863
387,mil'kovo,55.6078,37.7956,17.57,77,53,2.32,RU,1723161865
388,anastacio,-20.4836,-55.8069,15.17,93,100,3.87,BR,1723161866
389,bocaiuva,-17.1078,-43.815,23.84,43,71,1.54,BR,1723161867
390,nagqu,31.5,92.0,4.82,92,100,1.49,CN,1723161868
391,jaguey grande,22.5269,-81.1286,28.05,74,9,2.58,CU,1723161869
392,boyolangu,-8.1181,111.8935,24.0,92,75,3.37,ID,1723161871
393,kyren,51.6828,102.1408,17.68,73,7,0.42,RU,1723161872
394,dryden,49.7833,-92.7503,12.16,94,100,4.63,CA,1723161873
395,dzuunharaa,48.8523,106.4579,17.58,86,100,0.04,MN,1723161876
396,bu'aale,1.0833,42.5833,20.55,89,52,2.21,SO,1723161877
397,fisterra,42.9049,-9.2629,19.86,90,0,7.13,ES,1723161878
398,vegreville,53.5001,-112.0518,22.39,43,6,1.54,CA,1723161879
399,caleta de carquin,-11.0925,-77.6267,17.13,81,41,4.04,PE,1723161881
400,williamsburg,37.2707,-76.7075,27.13,84,100,6.17,US,1723161882
401,richards bay,-28.783,32.0377,21.97,37,0,5.41,ZA,1723161883
402,klaksvik,62.2266,-6.589,10.51,92,78,5.22,FO,1723161885
403,la'ie,21.6477,-157.9253,30.98,71,23,6.02,US,1723161886
404,noumea,-22.2763,166.4572,25.99,99,0,3.69,NC,1723161887
405,afaahiti,-17.75,-149.2833,26.93,86,17,5.9,PF,1723161888
406,axim,4.8699,-2.2405,23.16,90,95,4.08,GH,1723161890
407,tual,-5.6667,132.75,25.12,82,46,9.61,ID,1723161891
408,chabahar,25.2919,60.643,27.65,83,75,3.9,IR,1723161892
409,aasiaat,68.7098,-52.8699,3.03,94,84,2.12,GL,1723161893
410,abu jibeha,11.4562,31.2285,23.38,90,88,2.16,SD,1723161895
411,st. john's,47.5649,-52.7093,17.6,75,63,0.84,CA,1723161605
412,camarinas,43.1311,-9.1817,19.96,91,3,6.51,ES,1723161897
413,alexander city,32.944,-85.9539,30.1,70,40,3.09,US,1723161898
414,hasaki,35.7333,140.8333,30.22,82,0,6.07,JP,1723161900
415,okhotsk,59.3833,143.3,19.05,61,6,1.02,RU,1723161901
416,hauterive,46.0901,3.4459,16.42,76,23,1.1,FR,1723161902
417,zhangjiakou,40.81,114.8794,22.07,83,100,3.72,CN,1723161622
418,al kharijah,25.4514,30.5464,33.91,23,16,3.37,EG,1723161905
419,iquitos,-3.7481,-73.2472,27.02,74,0,0.0,PE,1723161906
420,lepsy,46.235,78.9456,26.96,27,16,1.98,KZ,1723161907
421,mount isa,-20.7333,139.5,22.87,38,0,4.12,AU,1723161909
422,flin flon,54.7682,-101.865,20.91,43,75,3.09,CA,1723161910
423,pumiao,22.75,108.4833,28.22,84,85,3.54,CN,1723161911
424,lashio,22.9333,97.75,20.46,99,84,0.83,MM,1723161912
425,trashigang,27.3331,91.5542,19.73,97,100,0.18,BT,1723161914
426,pailon,-17.65,-62.75,14.82,78,97,4.83,BO,1723161915
427,solnechnyy,50.7214,136.6319,17.93,81,98,2.23,RU,1723161916
428,rudsar,37.1376,50.288,23.96,80,45,1.47,IR,1723161917
429,yomju-up,39.8933,124.5981,26.17,87,71,1.13,KP,1723161919
430,slave lake,55.2834,-114.769,22.99,43,0,6.17,CA,1723161920
431,jianguang,28.1938,115.7836,31.22,61,82,0.76,CN,1723161921
432,heyuan,23.7333,114.6833,28.87,78,12,1.61,CN,1723161922
433,gulf shores,30.246,-87.7008,32.22,60,0,5.0,US,1723161924
434,monteagudo,-19.8167,-63.9833,10.05,53,88,1.38,BO,1723161925
435,santa elena de uairen,4.6167,-61.1333,20.57,87,71,0.78,VE,1723161926
436,kuala terengganu,5.3302,103.1408,25.97,94,20,2.24,MY,1723161928
437,colonia,50.9333,6.95,21.09,68,0,3.6,DE,1723161929
438,seia,40.4151,-7.7086,22.04,72,0,1.54,PT,1723161930
439,kingston,17.997,-76.7936,30.53,74,20,7.72,JM,1723161931
440,midvagur,62.0511,-7.1939,10.46,93,100,3.09,FO,1723161933
441,chiras,35.4167,65.9823,9.4,36,0,1.05,AF,1723161934
442,estherville,43.4016,-94.8328,19.73,56,40,7.72,US,1723161935
443,kuqa,41.7278,82.9364,24.6,40,1,1.77,CN,1723161937
444,ayapa,18.1833,-93.1667,34.02,70,43,3.89,MX,1723161938
445,susuman,62.7833,148.1667,14.55,55,64,0.82,RU,1723161939
446,peniche,39.3558,-9.3811,18.93,89,5,6.32,PT,1723161940
447,cape coast,5.1053,-1.2466,22.6,93,91,4.34,GH,1723161942
448,egilsstadir,65.2653,-14.3948,7.95,87,75,2.06,IS,1723161943
449,ohara,35.25,140.3833,28.65,78,7,5.36,JP,1723161944
450,noshiro,40.2039,140.0242,22.46,69,93,0.53,JP,1723161945
451,belvidere,42.2639,-88.8443,24.25,79,86,4.9,US,1723161948
452,punta cardon,11.6581,-70.215,28.13,75,6,10.44,VE,1723161949
453,yuzawa,39.1667,140.5,26.76,73,100,1.36,JP,1723161951
454,klyuchi,52.2667,79.1667,18.34,85,87,1.69,RU,1723161952
455,barcelos,41.5388,-8.6151,18.71,85,0,1.24,PT,1723161953
456,gramoteino,54.5368,86.3839,16.15,97,97,1.08,RU,1723161955
457,bodo,67.28,14.405,15.53,95,75,3.6,NO,1723161956
458,ramgarh,23.6333,85.5167,26.03,92,100,1.09,IN,1723161957
459,baukau,51.5526,7.2042,20.92,70,90,3.35,DE,1723161958
460,shalqar,47.8333,59.6,21.38,59,16,3.43,KZ,1723161960
461,alaghsas,17.0187,8.0168,30.54,50,99,5.81,NE,1723161961
462,shakawe,-18.3667,21.85,17.11,24,0,1.56,BW,1723161962
463,soto la marina,23.7667,-98.2167,31.26,68,26,7.01,MX,1723161963
464,nema,57.5067,50.5011,11.6,97,63,2.87,RU,1723161966
465,choibalsan,48.0667,114.5,21.33,70,90,2.29,MN,1723161489
466,kamyzyak,46.11,48.0736,21.99,68,0,2.0,RU,1723161968
467,trairi,-3.2778,-39.2689,25.06,83,5,5.2,BR,1723161970
468,gordonvale,-17.0936,145.7842,25.39,81,39,3.08,AU,1723161971
469,sulak,43.2734,47.5146,24.44,48,2,3.53,RU,1723161972
470,adelaide,-34.9333,138.6,12.94,85,93,0.71,AU,1723161772
471,margate,51.3813,1.3862,19.39,84,100,0.45,GB,1723161975
472,severo-yeniseyskiy,60.3725,93.0408,14.2,81,76,0.21,RU,1723161976
473,las tablas,7.7667,-80.2833,26.21,99,99,2.12,PA,1723161978
474,kingscliff,-28.2667,153.5667,20.98,68,26,4.63,AU,1723161980
475,cockburn town,21.4612,-71.1419,28.14,85,99,7.63,TC,1723161981
476,shagonar,51.5333,92.8,16.47,81,75,0.3,RU,1723161982
477,laguna,38.421,-121.4238,38.58,27,0,3.6,US,1723161984
478,potosi,-19.5836,-65.7531,4.35,11,0,2.51,BO,1723161985
479,bel ombre,-4.6167,55.4167,25.91,78,20,7.72,SC,1723161986
480,palmer,42.1584,-72.3287,19.18,81,100,1.54,US,1723161987
481,port macquarie,-31.4333,152.9167,16.61,70,100,0.89,AU,1723161399
482,gandajika,-6.75,23.95,22.26,23,94,1.76,CD,1723161991
483,gunjur,13.2019,-16.7339,26.04,94,75,3.09,GM,1723161992
484,northam,51.0333,-4.2167,18.55,98,100,9.26,GB,1723161994
485,sijunjung,-0.6876,100.9537,22.3,94,62,0.08,ID,1723161995
486,mont-laurier,46.5501,-75.4993,21.79,83,79,2.86,CA,1723161996
487,yichang,30.7144,111.2847,30.28,68,80,0.41,CN,1723161997
488,crucecita,-28.95,-58.9833,7.24,65,3,4.04,AR,1723161999
489,prainha,-1.8,-53.48,28.28,53,0,2.11,BR,1723162000
490,jinhua,29.1078,119.6547,29.75,72,97,0.54,CN,1723162001
491,kegeyli shahar,42.7767,59.6078,25.05,50,0,3.47,UZ,1723162002
492,tenenkou,14.4572,-4.9169,24.87,85,84,3.95,ML,1723162004
493,chivhu,-19.0211,30.8922,10.69,52,0,1.94,ZW,1723162005
494,lakatoro,-16.0999,167.4164,25.51,63,41,6.21,VU,1723162006
495,fortaleza,-3.7227,-38.5247,26.79,73,0,4.12,BR,1723162009
496,eenhana,-17.4667,16.3333,16.18,25,0,2.66,NA,1723162010
497,turpan,42.9333,89.1667,28.25,37,0,1.06,CN,1723162011
498,tayshet,55.9342,98.0044,15.19,95,77,1.69,RU,1723162014
499,kalavai,12.7703,79.42,26.32,79,99,4.33,IN,1723162015
500,ghat,24.9647,10.1728,31.78,13,48,0.8,LY,1723162016
501,xiongzhou,25.1167,114.3,29.2,71,25,1.55,CN,1723162018
502,pembroke,45.8168,-77.1162,21.99,99,100,2.77,CA,1723162019
503,chernyshevskiy,63.0128,112.4714,20.92,56,57,1.62,RU,1723162020
504,fortuna,40.5982,-124.1573,16.66,87,0,7.2,US,1723162021
505,sinabang,2.4803,96.3801,26.01,85,100,1.49,ID,1723162023
506,mandera,3.9366,41.867,25.88,53,89,7.94,KE,1723162024
507,el nido,11.1858,119.3956,30.08,75,62,0.45,PH,1723162025
508,tirhanimine,35.2362,-3.9545,23.87,83,0,1.25,MA,1723162026
509,san carlos de bariloche,-41.1456,-71.3082,-0.44,92,89,2.67,AR,1723162028
510,port blair,11.6667,92.75,27.01,84,34,3.75,IN,1723162029
511,tan-tan,28.438,-11.1032,19.43,95,27,5.7,MA,1723162030
512,shushtar,32.0455,48.8567,35.14,14,20,1.56,IR,1723162031
513,coronel dorrego,-38.7187,-61.2873,2.72,73,69,2.18,AR,1723162034
514,bahia de kino,28.8333,-111.9333,36.4,47,2,5.16,MX,1723162035
515,akobo,7.4344,3.9497,20.69,91,56,1.45,NG,1723162036
516,walvis bay,-22.9575,14.5053,10.05,70,0,6.46,NA,1723162038
517,thal,35.4791,72.2439,15.44,89,62,0.61,PK,1723162040
518,mejit,10.2753,170.8646,28.25,79,78,7.83,MH,1723162041
519,erbil,36.1926,44.0106,32.06,18,0,1.59,IQ,1723162044
520,bozhou,33.8772,115.7703,28.16,87,98,3.47,CN,1723162045
521,greystones,53.1408,-6.0631,16.32,84,100,1.34,IE,1723162046
522,marka,1.7159,44.7717,23.84,84,65,4.73,SO,1723162048
523,ploudalmezeau,48.5333,-4.65,18.49,100,100,5.14,FR,1723162049
524,sao joao da barra,-21.6403,-41.0511,23.41,83,0,9.27,BR,1723162050
525,ajuchitlan del progreso,18.1519,-100.4835,30.36,80,82,0.65,MX,1723162051
526,dolinsk,47.35,142.8,22.68,81,96,1.11,RU,1723162053
527,wotho,10.1657,166.0102,28.71,75,15,6.7,MH,1723162054
528,diebougou,10.9667,-3.25,23.35,92,74,2.5,BF,1723162055
529,lubango,-14.9172,13.4925,16.25,32,0,3.43,AO,1723162056
530,mitsamiouli,-11.3847,43.2844,24.04,71,3,1.6,KM,1723162058
531,neiafu,-18.65,-173.9833,22.8,65,95,7.15,TO,1723162059
532,oranjemund,-28.55,16.4333,14.31,67,0,9.05,NA,1723162060
533,namtsy,62.7161,129.6658,20.15,47,22,1.41,RU,1723162062
534,belaya kholunitsa,58.84,50.8528,9.91,93,80,2.34,RU,1723162063
535,tayabas,14.0289,121.5911,27.32,78,82,1.14,PH,1723162064
536,kriel,-26.2739,29.2253,13.78,46,0,3.31,ZA,1723162065
537,anan,33.9167,134.65,31.88,63,58,3.06,JP,1723162067
538,mahina,-17.5065,-149.489,27.87,78,20,7.2,PF,1723162068
539,smidovich,48.6,133.8167,20.66,86,37,6.86,RU,1723162069
540,nikolayevsk-on-amure,53.1406,140.73,15.6,82,100,0.82,RU,1723162070
541,sola,-13.8833,167.55,25.24,67,93,10.41,VU,1723162072
542,kas,36.2018,29.6377,27.74,63,0,1.26,TR,1723162073
543,north bend,43.4065,-124.2243,22.21,82,100,4.63,US,1723162074
544,trujillo,-8.116,-79.03,16.98,88,41,3.09,PE,1723162076
545,sorong,-0.8833,131.25,26.0,88,70,4.72,ID,1723162077
546,minas de marcona,-15.2119,-75.1103,10.4,86,44,6.65,PE,1723162078
547,orapa,-21.2833,25.3667,18.78,24,0,4.09,BW,1723162082
548,fukuecho,32.6881,128.8419,29.64,77,99,3.31,JP,1723162083
549,karratha,-20.7377,116.8463,22.01,38,9,3.64,AU,1723162085
550,koubia,11.5833,-11.9,20.47,98,100,1.32,GN,1723162086
551,pemangkat,1.1667,108.9667,25.39,90,100,2.71,ID,1723162087
552,faranah,10.0404,-10.7434,21.92,98,100,3.14,GN,1723162088
553,quellon,-43.1167,-73.6167,6.78,93,100,3.14,CL,1723162090
554,astrakhan,46.3497,48.0408,21.93,68,0,2.0,RU,1723162091
555,morondava,-20.2833,44.2833,20.16,94,5,3.25,MG,1723162092
556,ad dabbah,18.05,30.95,32.19,49,65,4.03,SD,1723162093
557,bubaque,11.2833,-15.8333,26.58,82,100,6.1,GW,1723162095
558,eydhafushi,5.1033,73.0708,28.15,75,100,3.81,MV,1723162096
559,urzhar,47.093,81.6294,24.05,29,29,2.4,KZ,1723162097
560,lerwick,60.1545,-1.1494,14.0,86,100,6.7,GB,1723162098
561,kindu,-2.95,25.95,25.17,37,39,0.17,CD,1723162100
562,dolzhanskaya,46.6311,37.8039,25.4,55,37,3.05,RU,1723162101
563,kayes,14.0,-11.0,26.98,75,77,5.89,ML,1723162102
564,caldwell,43.6629,-116.6874,35.7,24,0,3.09,US,1723162105
565,woolgoolga,-30.1106,153.2007,17.93,60,97,0.85,AU,1723162106
566,bowen,-20.0167,148.2333,21.14,68,0,6.16,AU,1723162107
567,lai,9.3952,16.2989,22.8,90,100,1.5,TD,1723162109
568,velyki kopani,46.4868,32.975,21.61,72,12,3.47,UA,1723162110
569,buncrana,55.1333,-7.45,12.92,92,96,6.93,IE,1723162111
570,pensilvania,40.2724,-76.9057,23.42,95,100,4.12,US,1723162112
571,mubi,10.2676,13.2644,21.94,89,100,0.89,NG,1723162114
572,greenville,35.6127,-77.3663,27.3,95,100,7.2,US,1723162115
